SINAL     NFT                         FFT                         NFT INVERSA     FFT INVERSA
-----     -----------------------     -----------------------     -----------     -----------
  154        1203.000       0.000     845613599330786.875 1340975592251082.000             154            211400042042464
  213         115.877     -17.106     700535759134412.000 3299866775.921             213            397161531550843
  144         197.000     -88.000     -145087363247651.469 640434692281642.250             144            587317403127448
   51        -217.878     234.894     1195883831890070.000 495357898538047.562              51            43783665445842
  205        -161.000      -0.001     845617484413196.375 350271519452044.562             205            -649235339900109
  172        -217.876    -234.896     290171551229504.000 1556503100.702             172            -164509348902561
   18         197.001      88.000     -145082830657926.906 -350267437972541.562              18            128237922113693
  246         115.879      17.105     -1195885774432149.000 495346174266596.812             246            203893203106154
