SINAL     NFT                         FFT                         NFT INVERSA     FFT INVERSA
-----     -----------------------     -----------------------     -----------     -----------
  240        1052.000       0.000     845613599331055.000 1340975592251564.250             240            211400042042809
  225         329.543    -123.246     700535759134685.250 3299867635.312             225            397161531551165
  163          17.000    -111.000     -145087363247596.719 640434692281942.125             163            587317403127567
   68          42.457     -25.246     1195883831890289.750 495357898537644.500              68            43783665445767
   54          90.000      -0.000     845617484412996.500 350271519452355.562              54            -649235339900220
   71          42.457      25.246     290171551229564.438 1556504051.312              71            -164509348902619
  114          17.000     110.999     -145082830657270.156 -350267437972215.875             114            128237922113742
  117         329.544     123.246     -1195885774432088.250 495346174266535.250             117            203893203106346
