SINAL     NFT                         FFT                         NFT INVERSA     FFT INVERSA
-----     -----------------------     -----------------------     -----------     -----------
   28        1193.000       0.000     845613599330218.375 1340975592251357.750              28            211400042041827
  220        -103.343       0.946     700535759134878.125 3299866971.906             220            397161531550348
   53          -7.000      76.000     -145087363247203.000 640434692281312.375              53            587317403126892
  254        -114.657    -131.054     1195883831890120.250 495357898538058.250             254            43783665445942
  137        -519.000      -0.001     845617484413885.875 350271519452676.188             137            -649235339900051
  170        -114.657     131.053     290171551230146.875 1556503012.718             170            -164509348902903
  119          -6.999     -76.000     -145082830657914.438 -350267437972530.375             119            128237922113271
  212        -103.341      -0.947     -1195885774432179.750 495346174266436.000             212            203893203106024
