SINAL     NFT                         FFT                         NFT INVERSA     FFT INVERSA
-----     -----------------------     -----------------------     -----------     -----------
  223        1240.000       0.000     845613599331119.875 1340975592251354.250             223            211400042042580
   59        -204.254      21.464     700535759135222.250 3299867039.796              59            397161531551152
  172          67.000     -99.000     -145087363247731.344 640434692281393.125             172            587317403127777
  161         224.254     -28.535     1195883831890680.000 495357898537834.812             161            43783665445967
  213         370.000       0.000     845617484413399.375 350271519452033.438             213            -649235339899968
  208         224.253      28.536     290171551229366.688 1556503526.827             208            -164509348902291
  197          66.999      98.999     -145082830657252.781 -350267437972721.625             197            128237922113677
    7        -204.252     -21.467     -1195885774432407.500 495346174266532.812               7            203893203106274
