SINAL     NFT                         FFT                         NFT INVERSA     FFT INVERSA
-----     -----------------------     -----------------------     -----------     -----------
  190        1049.000       0.000     845613599330763.250 1340975592250632.500             190            211400042042449
  236          -1.795    -202.195     700535759135016.375 3299866733.765             236            397161531550632
   24         338.000       1.000     -145087363247487.312 640434692281095.500              24            587317403127425
  201        -102.204    -294.195     1195883831890466.500 495357898538012.188             201            43783665446041
  242           3.000       0.000     845617484413494.750 350271519452131.688             242            -649235339899715
   25        -102.205     294.194     290171551229970.125 1556503360.859              25            -164509348902489
   70         338.001      -1.000     -145082830657248.750 -350267437972705.750              70            128237922113473
   61          -1.795     202.193     -1195885774432230.500 495346174266802.438              61            203893203106175
