SINAL     NFT                         FFT                         NFT INVERSA     FFT INVERSA
-----     -----------------------     -----------------------     -----------     -----------
  242         859.000       0.000     845613599331190.500 1340975592251316.500             242            211400042042710
    3           5.206     304.723     700535759135459.250 3299867359.656               3            397161531550859
   41          85.000    -114.000     -145087363247345.969 640434692281280.625              41            587317403127498
   30         242.794     -81.277     1195883831890703.500 495357898537647.438              30            43783665445985
  118         411.000       0.001     845617484413544.000 350271519452597.562             118            -649235339900025
  166         242.793      81.277     290171551230203.000 1556504006.969             166            -164509348902681
  234          84.999     113.999     -145082830656827.406 -350267437972432.875             234            128237922113347
   25           5.208    -304.724     -1195885774432155.500 495346174266663.188              25            203893203106381
