SINAL     NFT                         FFT                         NFT INVERSA     FFT INVERSA
-----     -----------------------     -----------------------     -----------     -----------
   47         507.000       0.000     845613599329885.875 1340975592250924.000              47            211400042041762
   72         -88.958     -24.142     700535759134776.750 3299867027.640              72            397161531550370
   42         133.000      -8.000     -145087363247328.312 640434692281236.625              42            587317403126936
   51        -137.042      -4.142     1195883831890172.000 495357898538125.312              51            43783665445994
  160          55.000       0.000     845617484413731.375 350271519452367.562             160            -649235339899646
   45        -137.041       4.142     290171551229903.188 1556503156.984              45            -164509348902638
   32         133.000       8.000     -145082830657655.750 -350267437972647.125              32            128237922113459
   58         -88.958      24.141     -1195885774432301.000 495346174266553.562              58            203893203105936
