SINAL     NFT                         FFT                         NFT INVERSA     FFT INVERSA
-----     -----------------------     -----------------------     -----------     -----------
  223        1285.000       0.000     845613599331246.375 1340975592251179.500             223            211400042042668
   72        -127.359      39.677     700535759135088.000 3299866773.609              72            397161531551034
  141         164.000      51.000     -145087363247691.438 640434692281348.250             141            587317403127747
  172          83.359      -4.323     1195883831890563.750 495357898537904.062             172            43783665445961
  245         259.000       0.000     845617484413381.875 350271519452036.688             245            -649235339900053
  159          83.359       4.322     290171551229548.438 1556503331.015             159            -164509348902393
  163         164.000     -51.000     -145082830657418.875 -350267437972707.000             163            128237922113603
  110        -127.357     -39.679     -1195885774432295.750 495346174266619.562             110            203893203106290
