SINAL     NFT                         FFT                         NFT INVERSA     FFT INVERSA
-----     -----------------------     -----------------------     -----------     -----------
  192         752.000       0.000     845613599330604.500 1340975592251217.000             192            211400042042471
   76          79.891    -232.205     700535759134480.250 3299867287.014              76            397161531551155
  207         111.000      -1.000     -145087363247824.531 640434692281816.875             207            587317403127606
   48           2.109     131.795     1195883831890245.750 495357898537912.562              48            43783665445828
  151         398.000       0.000     845617484412996.000 350271519451869.562             151            -649235339899884
   13           2.109    -131.796     290171551229039.250 1556503585.608              13            -164509348902280
   25         111.000       1.000     -145082830657535.969 -350267437972539.375              25            128237922113958
   40          79.891     232.204     -1195885774432328.250 495346174266524.812              40            203893203106146
