SINAL     NFT                         FFT                         NFT INVERSA     FFT INVERSA
-----     -----------------------     -----------------------     -----------     -----------
   87        1163.000       0.000     845613599330608.625 1340975592251777.750              87            211400042041992
   12        -293.940      61.163     700535759135189.500 3299867058.593              12            397161531550910
  196        -162.000      99.000     -145087363247565.875 640434692281416.000             196            587317403127398
  205         111.940      -8.837     1195883831890484.000 495357898537953.562             205            43783665445946
  178         221.000       0.000     845617484413782.125 350271519452312.812             178            -649235339900093
  174         111.939       8.837     290171551229399.812 1556503098.030             174            -164509348902489
  231        -162.000     -99.001     -145082830657777.312 -350267437972738.438             231            128237922113540
   80        -293.938     -61.165     -1195885774432469.500 495346174266262.062              80            203893203106105
