SINAL     NFT                         FFT                         NFT INVERSA     FFT INVERSA
-----     -----------------------     -----------------------     -----------     -----------
  121        1262.000       0.000     845613599330999.500 1340975592251753.000             121            211400042042299
   69         -18.683     149.596     700535759134834.000 3299866765.217              69            397161531551066
  242         -83.000      39.000     -145087363247728.625 640434692281627.000             242            587317403127599
   31        -181.318     267.596     1195883831890304.000 495357898538000.375              31            43783665445857
  221         272.000      -0.000     845617484413497.000 350271519452105.812             221            -649235339900347
  159        -181.316    -267.598     290171551229209.500 1556502871.405             159            -164509348902486
  183         -82.999     -39.001     -145082830658116.062 -350267437972697.250             183            128237922113657
  236         -18.680    -149.597     -1195885774432354.500 495346174266304.125             236            203893203106177
