SINAL     NFT                         FFT                         NFT INVERSA     FFT INVERSA
-----     -----------------------     -----------------------     -----------     -----------
   68         779.000       0.000     845613599330034.125 1340975592251592.750              68            211400042041931
   49         -92.409     -54.532     700535759134497.250 3299867545.858              49            397161531550808
  177        -105.000     -14.000     -145087363247509.688 640434692281836.375             177            587317403127099
  113         108.409     187.468     1195883831890047.250 495357898537937.125             113            43783665445806
   60         -57.000      -0.001     845617484413379.625 350271519452364.562              60            -649235339899972
  167         108.410    -187.468     290171551229376.750 1556503460.765             167            -164509348902613
   56        -105.000      14.000     -145082830657815.125 -350267437972409.375              56            128237922113731
   89         -92.408      54.531     -1195885774432291.250 495346174266316.875              89            203893203106010
