SINAL     NFT                         FFT                         NFT INVERSA     FFT INVERSA
-----     -----------------------     -----------------------     -----------     -----------
    9        1017.000       0.000     845613599330313.625 1340975592251510.500               9            211400042041680
  134        -136.766     137.109     700535759135339.125 3299866820.953             134            397161531550319
   51         -90.000     117.000     -145087363247159.281 640434692281032.625              51            587317403126931
  169        -203.234    -214.891     1195883831890375.500 495357898538068.062             169            43783665446040
  179         -85.000      -0.000     845617484414231.125 350271519452749.062             179            -649235339900042
   83        -203.235     214.890     290171551230220.875 1556502845.672              83            -164509348902863
  227         -89.999    -117.001     -145082830657852.719 -350267437972715.000             227            128237922113121
  165        -136.764    -137.110     -1195885774432317.500 495346174266360.312             165            203893203106026
