SINAL     NFT                         FFT                         NFT INVERSA     FFT INVERSA
-----     -----------------------     -----------------------     -----------     -----------
  153        1144.000       0.000     845613599330822.000 1340975592251429.500             153            211400042042341
   17        -174.531       3.672     700535759134749.250 3299866873.827              17            397161531551115
  230          31.000      41.000     -145087363247819.844 640434692281611.000             230            587317403127659
  110          30.530     229.672     1195883831890348.250 495357898538007.250             110            43783665445882
  225         306.000       0.000     845617484413319.500 350271519451894.938             225            -649235339900064
  172          30.531    -229.673     290171551229057.500 1556503090.796             172            -164509348902303
  117          31.000     -41.000     -145082830657847.281 -350267437972734.062             117            128237922113805
  120        -174.529      -3.674     -1195885774432411.250 495346174266415.500             120            203893203106144
