SINAL     NFT                         FFT                         NFT INVERSA     FFT INVERSA
-----     -----------------------     -----------------------     -----------     -----------
  182         876.000       0.000     845613599330567.125 1340975592251065.000             182            211400042042509
  150         110.485     -45.172     700535759134550.500 3299867417.312             150            397161531550750
   68         174.000     -66.000     -145087363247429.125 640434692281687.250              68            587317403127246
  111          93.514      50.828     1195883831890135.000 495357898537829.625             111            43783665445840
   80        -176.000      -0.001     845617484413158.625 350271519452392.938              80            -649235339899947
  146          93.515     -50.829     290171551229894.000 1556503825.312             146            -164509348902709
   20         174.000      66.000     -145082830657338.562 -350267437972279.938              20            128237922113615
  119         110.486      45.171     -1195885774432048.000 495346174266669.375             119            203893203106198
