SINAL     NFT                         FFT                         NFT INVERSA     FFT INVERSA
-----     -----------------------     -----------------------     -----------     -----------
  149         931.000       0.000     845613599330731.250 1340975592250859.500             149            211400042042388
   15        -102.155     325.428     700535759134823.375 3299866775.687              15            397161531550514
   21         259.000     -36.000     -145087363247358.000 640434692281259.000              21            587317403127235
   36           8.154     237.428     1195883831890237.250 495357898538008.688              36            43783665445962
  196         -69.000      -0.001     845617484413526.750 350271519452377.062             196            -649235339899963
  253           8.155    -237.429     290171551230159.375 1556503252.937             253            -164509348902745
   65         259.000      36.000     -145082830657553.438 -350267437972537.938              65            128237922113377
  196        -102.152    -325.429     -1195885774432085.750 495346174266725.188             196            203893203106173
