SINAL     NFT                         FFT                         NFT INVERSA     FFT INVERSA
-----     -----------------------     -----------------------     -----------     -----------
    3         757.000       0.000     845613599329872.750 1340975592251551.250               3            211400042041639
   37        -147.264    -112.494     700535759134503.500 3299867141.374              37            397161531550672
  190        -110.000     173.000     -145087363247531.188 640434692281659.250             190            587317403127032
  135        -114.737     153.506     1195883831890003.500 495357898538133.125             135            43783665445857
  134          11.000      -0.000     845617484413614.250 350271519452259.688             134            -649235339899954
   63        -114.736    -153.507     290171551229286.562 1556502915.249              63            -164509348902574
   57        -109.999    -173.000     -145082830658194.625 -350267437972622.438              57            128237922113678
  138        -147.263     112.494     -1195885774432394.500 495346174266249.125             138            203893203105898
