SINAL     NFT                         FFT                         NFT INVERSA     FFT INVERSA
-----     -----------------------     -----------------------     -----------     -----------
  235        1014.000       0.000     845613599331248.625 1340975592251791.500             235            211400042042761
   56         163.456     -15.799     700535759134993.750 3299867488.108              56            397161531551271
  202         -76.000     114.000     -145087363247657.719 640434692281816.375             202            587317403127707
   95         112.544     -23.799     1195883831890486.750 495357898537647.375              95            43783665445815
   97         466.000       0.001     845617484413188.125 350271519452318.312              97            -649235339900293
   24         112.544      23.798     290171551229433.750 1556503870.514              24            -164509348902528
  206         -75.999    -114.001     -145082830657315.156 -350267437972375.750             206            128237922113701
   99         163.457      15.799     -1195885774432220.250 495346174266433.125              99            203893203106368
