SINAL     NFT                         FFT                         NFT INVERSA     FFT INVERSA
-----     -----------------------     -----------------------     -----------     -----------
   47         818.000       0.000     845613599330043.250 1340975592251916.250              47            211400042041868
   56         -44.539     -80.858     700535759134553.500 3299867706.530              56            397161531550834
  199        -238.000     102.000     -145087363247451.188 640434692281938.500             199            587317403127038
  159         102.539     109.142     1195883831890029.250 495357898537873.750             159            43783665445768
   18         -82.000      -0.001     845617484413456.750 350271519452542.062              18            -649235339900126
  118         102.539    -109.142     290171551229401.938 1556503496.093             118            -164509348902716
  104        -237.999    -102.001     -145082830657896.625 -350267437972329.688             104            128237922113684
  117         -44.538      80.858     -1195885774432278.750 495346174266197.250             117            203893203106025
