SINAL     NFT                         FFT                         NFT INVERSA     FFT INVERSA
-----     -----------------------     -----------------------     -----------     -----------
   64        1006.000       0.000     845613599330508.750 1340975592251049.000              64            211400042041977
   65        -171.486     237.208     700535759135084.500 3299866572.953              65            397161531550317
   18         138.000     120.000     -145087363247244.031 640434692281023.000              18            587317403127056
  131        -154.515       3.208     1195883831890289.750 495357898538123.312             131            43783665446035
  227        -118.000      -0.001     845617484413962.250 350271519452523.062             227            -649235339899976
  156        -154.514      -3.209     290171551230256.750 1556502839.672             156            -164509348902809
  135         138.001    -120.000     -145082830657807.469 -350267437972707.438             135            128237922113195
  210        -171.483    -237.209     -1195885774432205.250 495346174266577.812             210            203893203106071
