SINAL     NFT                         FFT                         NFT INVERSA     FFT INVERSA
-----     -----------------------     -----------------------     -----------     -----------
  209        1173.000       0.000     845613599331250.500 1340975592251864.250             209            211400042042778
  121         256.903      33.180     700535759134882.375 3299867573.905             121            397161531551009
  133         -90.001     275.000     -145087363247385.812 640434692281878.125             133            587317403127422
  202          97.097     -96.820     1195883831890274.000 495357898537597.812             202            43783665445762
   32         -29.000      -0.001     845617484413262.000 350271519452730.812              32            -649235339900508
   42          97.097      96.819     290171551229977.875 1556503926.718              42            -164509348902912
  198         -89.998    -275.001     -145082830657421.250 -350267437972125.375             198            128237922113476
  236         256.905     -33.180     -1195885774431973.000 495346174266461.562             236            203893203106404
