SINAL     NFT                         FFT                         NFT INVERSA     FFT INVERSA
-----     -----------------------     -----------------------     -----------     -----------
  183        1095.000       0.000     845613599330862.000 1340975592251778.000             183            211400042042425
  140          17.996     -41.175     700535759135126.750 3299867539.218             140            397161531551135
  189        -126.000    -151.000     -145087363247593.844 640434692281668.125             189            587317403127546
  114         158.004     -93.175     1195883831890535.750 495357898537711.812             114            43783665445875
   95         269.000       0.000     845617484413407.500 350271519452360.062              95            -649235339900105
  142         158.003      93.175     290171551229433.062 1556503791.405             142            -164509348902489
  215        -126.000     150.999     -145082830657295.281 -350267437972479.875             215            128237922113659
   17          17.998      41.174     -1195885774432341.750 495346174266370.312              17            203893203106256
