SINAL     NFT                         FFT                         NFT INVERSA     FFT INVERSA
-----     -----------------------     -----------------------     -----------     -----------
  155         942.000       0.000     845613599330578.875 1340975592251580.000             155            211400042042333
   26         -80.643    -144.891     700535759134660.125 3299867451.968              26            397161531551087
  206         -49.000     141.000     -145087363247674.906 640434692281832.000             206            587317403127462
  191         186.643      67.109     1195883831890259.500 495357898537842.375             191            43783665445815
  102         184.000      -0.000     845617484413210.375 350271519452175.438             102            -649235339900045
   93         186.643     -67.109     290171551229228.375 1556503606.655              93            -164509348902457
  100         -48.999    -141.001     -145082830657592.344 -350267437972459.188             100            128237922113810
   69         -80.643     144.890     -1195885774432308.500 495346174266392.375              69            203893203106157
