SINAL     NFT                         FFT                         NFT INVERSA     FFT INVERSA
-----     -----------------------     -----------------------     -----------     -----------
   62         593.000       0.000     845613599330164.375 1340975592251551.750              62            211400042041846
    6        -108.673     177.435     700535759135278.000 3299867524.437               6            397161531550442
   35        -118.000      35.000     -145087363247111.656 640434692281284.750              35            587317403126889
  106         124.673    -150.565     1195883831890394.000 495357898537836.188             106            43783665445979
   54         107.000       0.000     845617484413953.875 350271519452890.812              54            -649235339899911
   98         124.672     150.565     290171551230256.250 1556503618.187              98            -164509348902876
  199        -118.000     -35.001     -145082830657329.094 -350267437972440.688             199            128237922113239
   33        -108.671    -177.436     -1195885774432247.000 495346174266404.438              33            203893203106084
