SINAL     NFT                         FFT                         NFT INVERSA     FFT INVERSA
-----     -----------------------     -----------------------     -----------     -----------
  236         973.000       0.000     845613599331056.000 1340975592251379.000             236            211400042042648
  109          68.021    -106.690     700535759134992.750 3299867217.827             109            397161531551258
  200          64.000    -131.000     -145087363247804.031 640434692281603.750             200            587317403127802
   35          43.979     -10.690     1195883831890576.500 495357898537801.500              35            43783665445902
  180         563.000       0.001     845617484413185.500 350271519451960.312             180            -649235339899971
   59          43.979      10.689     290171551229187.750 1556503674.796              59            -164509348902255
  152          64.000     130.999     -145082830657263.469 -350267437972627.500             152            128237922113817
    2          68.021     106.689     -1195885774432381.500 495346174266524.250               2            203893203106273
