SINAL     NFT                         FFT                         NFT INVERSA     FFT INVERSA
-----     -----------------------     -----------------------     -----------     -----------
  133        1047.000       0.000     845613599330814.125 1340975592251425.750             133            211400042042342
   72          -4.456     309.019     700535759135063.750 3299867149.734              72            397161531550583
   46          25.000       2.000     -145087363247232.562 640434692281390.625              46            587317403127161
   91          46.456      53.019     1195883831890308.000 495357898537835.562              91            43783665445918
  112        -117.000      -0.001     845617484413677.625 350271519452732.438             112            -649235339900197
  218          46.456     -53.020     290171551230274.500 1556503476.890             218            -164509348902915
  174          25.001      -2.001     -145082830657502.000 -350267437972386.875             174            128237922113269
  201          -4.453    -309.020     -1195885774432070.000 495346174266540.812             201            203893203106236
