SINAL     NFT                         FFT                         NFT INVERSA     FFT INVERSA
-----     -----------------------     -----------------------     -----------     -----------
  113         934.000       0.000     845613599330420.250 1340975592251655.750             113            211400042042237
   68          32.837      38.028     700535759134435.250 3299867515.843              68            397161531550905
  180         -79.000      -3.000     -145087363247523.094 640434692281952.375             180            587317403127220
   85          85.162     266.028     1195883831890017.000 495357898537858.062              85            43783665445754
   54        -108.000      -0.001     845617484413229.750 350271519452404.812              54            -649235339900182
  194          85.164    -266.028     290171551229466.438 1556503548.780             194            -164509348902700
   66         -79.000       2.999     -145082830657818.531 -350267437972293.500              66            128237922113718
  174          32.839     -38.028     -1195885774432161.000 495346174266365.562             174            203893203106127
