SINAL     NFT                         FFT                         NFT INVERSA     FFT INVERSA
-----     -----------------------     -----------------------     -----------     -----------
    4        1100.000       0.000     845613599329934.000 1340975592251500.500               4            211400042041675
  166        -177.083     -55.988     700535759134536.875 3299867089.733             166            397161531550581
  158         -82.000     -46.000     -145087363247450.531 640434692281601.000             158            587317403126979
  177         -80.917     138.012     1195883831889989.500 495357898538127.375             177            43783665445866
  133        -388.000      -0.001     845617484413663.500 350271519452359.812             133            -649235339899992
  229         -80.916    -138.012     290171551229491.125 1556502910.890             229            -164509348902669
   61         -82.000      46.000     -145082830658177.969 -350267437972586.688              61            128237922113586
  172        -177.082      55.987     -1195885774432327.500 495346174266292.375             172            203893203105921
