SINAL     NFT                         FFT                         NFT INVERSA     FFT INVERSA
-----     -----------------------     -----------------------     -----------     -----------
   47         964.000       0.000     845613599330143.000 1340975592251072.000              47            211400042041921
  186          -0.893      93.090     700535759134430.500 3299866819.109             186            397161531550479
   97         126.000    -186.000     -145087363247435.000 640434692281485.125              97            587317403127031
    1        -261.109     283.090     1195883831889948.250 495357898538171.875               1            43783665445890
  178        -316.000      -0.001     845617484413542.500 350271519452274.938             178            -649235339899950
  227        -261.106    -283.091     290171551229729.062 1556502885.515             227            -164509348902703
    2         126.000     186.000     -145082830658098.438 -350267437972579.125               2            128237922113538
  226          -0.891     -93.091     -1195885774432197.750 495346174266507.625             226            203893203105973
