SINAL     NFT                         FFT                         NFT INVERSA     FFT INVERSA
-----     -----------------------     -----------------------     -----------     -----------
  228        1069.000       0.000     845613599331200.625 1340975592251149.500             228            211400042042672
  182         138.451      -8.782     700535759135180.750 3299866914.546             182            397161531550955
  103         167.000     -90.000     -145087363247586.656 640434692281302.000             103            587317403127662
   49        -110.451    -146.782     1195883831890596.750 495357898537846.812              49            43783665445977
  214         365.000       0.001     845617484413428.125 350271519452182.688             214            -649235339900010
   39        -110.451     146.781     290171551229758.812 1556503514.078              39            -164509348902472
  172         167.000      90.000     -145082830657238.094 -350267437972638.312             172            128237922113526
   82         138.452       8.781     -1195885774432252.250 495346174266655.812              82            203893203106307
