SINAL     NFT                         FFT                         NFT INVERSA     FFT INVERSA
-----     -----------------------     -----------------------     -----------     -----------
  234        1177.000       0.000     845613599331214.500 1340975592251270.000             234            211400042042813
  160         161.397       3.887     700535759134870.500 3299867177.921             160            397161531550933
   93         145.000      78.000     -145087363247492.750 640434692281597.000              93            587317403127534
  157          42.603     -66.113     1195883831890354.750 495357898537753.375             157            43783665445863
  132          -3.000      -0.001     845617484413224.000 350271519452387.938             132            -649235339900201
   96          42.603      66.112     290171551229924.750 1556503740.703              96            -164509348902696
  128         145.001     -78.000     -145082830657310.188 -350267437972351.500             128            128237922113528
  177         161.399      -3.888     -1195885774432046.250 495346174266661.625             177            203893203106355
