SINAL     NFT                         FFT                         NFT INVERSA     FFT INVERSA
-----     -----------------------     -----------------------     -----------     -----------
  120        1093.000       0.000     845613599330950.375 1340975592251742.750             120            211400042042310
   65          68.580     234.777     700535759135003.250 3299867016.374              65            397161531550831
  150         -89.000      94.000     -145087363247442.531 640434692281539.250             150            587317403127357
   43        -126.581     118.776     1195883831890310.750 495357898537882.250              43            43783665445874
  149         161.000      -0.000     845617484413637.875 350271519452519.062             149            -649235339900359
  121        -126.580    -118.778     290171551229789.000 1556503190.249             121            -164509348902762
  208         -88.999     -94.001     -145082830657835.969 -350267437972504.188             208            128237922113421
  237          68.583    -234.777     -1195885774432197.750 495346174266373.000             237            203893203106225
