SINAL     NFT                         FFT                         NFT INVERSA     FFT INVERSA
-----     -----------------------     -----------------------     -----------     -----------
   98         917.000       0.000     845613599330422.875 1340975592251174.750              98            211400042042177
   35         -66.314     206.499     700535759134474.375 3299866971.843              35            397161531550638
  109         115.000     -34.000     -145087363247470.031 640434692281596.000             109            587317403127170
   26         -43.687     370.499     1195883831890016.000 495357898538047.062              26            43783665445856
  153        -143.000      -0.001     845617484413398.375 350271519452298.812             153            -649235339900048
  247         -43.685    -370.500     290171551229723.875 1556503144.781             247            -164509348902705
   27         115.000      34.000     -145082830657921.469 -350267437972481.375              27            128237922113574
  222         -66.312    -206.500     -1195885774432145.000 495346174266530.062             222            203893203106077
