SINAL     NFT                         FFT                         NFT INVERSA     FFT INVERSA
-----     -----------------------     -----------------------     -----------     -----------
   45         841.000       0.000     845613599330289.750 1340975592251351.250              45            211400042041915
   92          16.471      11.719     700535759134670.750 3299866890.718              92            397161531550537
  113          13.999     201.000     -145087363247397.750 640434692281461.375             113            587317403127063
   96        -256.472      71.719     1195883831890068.500 495357898538099.062              96            43783665445899
  165         -29.000      -0.000     845617484413681.250 350271519452409.938             165            -649235339900069
   25        -256.471     -71.721     290171551229770.688 1556502917.906              25            -164509348902744
   83          14.002    -201.000     -145082830658061.188 -350267437972580.875              83            128237922113461
  222          16.473     -11.719     -1195885774432230.000 495346174266417.312             222            203893203106018
