SINAL     NFT                         FFT                         NFT INVERSA     FFT INVERSA
-----     -----------------------     -----------------------     -----------     -----------
    1         913.000       0.000     845613599330072.125 1340975592251789.750               1            211400042041691
  166          -3.030     232.640     700535759135114.875 3299867490.250             166            397161531550277
   32        -211.000     -72.000     -145087363246968.406 640434692281394.125              32            587317403126662
  118         -36.971    -105.360     1195883831890162.500 495357898537874.375             118            43783665445917
   21        -403.000      -0.001     845617484414071.625 350271519453141.562              21            -649235339900153
  199         -36.971     105.360     290171551230449.375 1556503388.375             199            -164509348903135
  201        -211.000      71.999     -145082830657713.844 -350267437972321.375             201            128237922113113
  175          -3.027    -232.640     -1195885774432130.500 495346174266301.625             175            203893203106052
