SINAL     NFT                         FFT                         NFT INVERSA     FFT INVERSA
-----     -----------------------     -----------------------     -----------     -----------
   73        1120.000       0.000     845613599330627.000 1340975592252152.750              73            211400042042071
  207         183.149     -44.036     700535759135036.500 3299867502.733             207            397161531550805
  166        -294.001     155.999     -145087363247309.719 640434692281717.250             166            587317403127132
  176        -125.149    -202.037     1195883831890254.500 495357898537773.875             176            43783665445822
   44         -64.000      -0.000     845617484413736.500 350271519452821.188              44            -649235339900411
   11        -125.150     202.036     290171551229825.312 1556503433.890              11            -164509348902899
  245        -293.998    -156.002     -145082830657813.156 -350267437972340.812             245            128237922113392
  198         183.151      44.037     -1195885774432205.500 495346174266196.375             198            203893203106183
