SINAL     NFT                         FFT                         NFT INVERSA     FFT INVERSA
-----     -----------------------     -----------------------     -----------     -----------
  149         990.000       0.000     845613599330926.500 1340975592251878.250             149            211400042042358
   25          47.255     -16.544     700535759134923.625 3299867212.920              25            397161531551171
  243        -148.000     178.000     -145087363247702.531 640434692281742.500             243            587317403127597
   82         -43.255      67.455     1195883831890392.250 495357898537843.188              82            43783665445837
  147         490.000       0.001     845617484413406.000 350271519452211.312             147            -649235339900272
   11         -43.255     -67.457     290171551229199.875 1556503335.702              11            -164509348902470
  201        -147.999    -178.001     -145082830657769.969 -350267437972569.812             201            128237922113712
  132          47.256      16.544     -1195885774432362.750 495346174266286.438             132            203893203106215
