SINAL     NFT                         FFT                         NFT INVERSA     FFT INVERSA
-----     -----------------------     -----------------------     -----------     -----------
    4        1194.000       0.000     845613599330132.125 1340975592252002.750               4            211400042041738
  216          -0.219     -71.272     700535759134587.625 3299867312.280             216            397161531550761
  218        -266.000     -16.000     -145087363247461.969 640434692281826.250             218            587317403127036
  153        -155.782      96.728     1195883831889993.250 495357898538003.750             153            43783665445789
   82        -318.000      -0.001     845617484413651.625 350271519452512.188              82            -649235339900269
  170        -155.781     -96.728     290171551229383.125 1556503006.342             170            -164509348902749
  134        -265.999      15.999     -145082830658279.406 -350267437972470.750             134            128237922113597
  217          -0.216      71.272     -1195885774432312.750 495346174266126.000             217            203893203105990
