SINAL     NFT                         FFT                         NFT INVERSA     FFT INVERSA
-----     -----------------------     -----------------------     -----------     -----------
   50         977.000       0.000     845613599329887.750 1340975592251764.750              50            211400042041789
  199         -90.338    -270.350     700535759134561.750 3299867682.280             199            397161531550894
  216        -199.000    -154.000     -145087363247562.562 640434692281877.875             216            587317403127110
  188          96.338       1.650     1195883831890103.000 495357898537927.312             188            43783665445806
   47        -191.000      -0.000     845617484413423.250 350271519452328.312              47            -649235339899924
  170          96.338      -1.649     290171551229162.000 1556503480.342             170            -164509348902521
   80        -199.000     153.999     -145082830657816.000 -350267437972458.125              80            128237922113801
   27         -90.338     270.349     -1195885774432404.500 495346174266211.562              27            203893203105968
