SINAL     NFT                         FFT                         NFT INVERSA     FFT INVERSA
-----     -----------------------     -----------------------     -----------     -----------
  177        1013.000       0.000     845613599330736.125 1340975592251189.500             177            211400042042596
   37          22.118     -24.775     700535759134357.000 3299867287.031              37            397161531550793
   97         156.999     310.000     -145087363247465.406 640434692281833.000              97            587317403127278
  240         157.882     149.225     1195883831889991.000 495357898537853.812             240            43783665445776
   87        -271.000      -0.002     845617484413075.625 350271519452385.562              87            -649235339900165
  129         157.883    -149.226     290171551229841.312 1556503645.593             129            -164509348902788
   10         157.002    -310.000     -145082830657628.844 -350267437972224.562              10            128237922113631
  236          22.119      24.774     -1195885774431969.000 495346174266632.312             236            203893203106226
