SINAL     NFT                         FFT                         NFT INVERSA     FFT INVERSA
-----     -----------------------     -----------------------     -----------     -----------
   88         943.000       0.000     845613599330263.375 1340975592251259.000              88            211400042041912
  136        -196.116    -106.987     700535759135090.750 3299867060.265             136            397161531550693
  117          16.000     -89.000     -145087363247493.125 640434692281253.125             117            587317403127248
  163           6.117    -148.986     1195883831890442.750 495357898538024.938             163            43783665446006
  183         109.000       0.000     845617484413744.875 350271519452252.688             183            -649235339899755
  117           6.116     148.986     290171551229589.000 1556503218.359             117            -164509348902456
  138          16.000      89.000     -145082830657542.562 -350267437972754.875             138            128237922113535
    1        -196.116     106.985     -1195885774432446.250 495346174266443.938               1            203893203106028
