SINAL     NFT                         FFT                         NFT INVERSA     FFT INVERSA
-----     -----------------------     -----------------------     -----------     -----------
  144        1056.000       0.000     845613599330870.250 1340975592250908.000             144            211400042042418
   48         -63.293     287.354     700535759134887.250 3299866651.609              48            397161531550458
    8         253.000     125.000     -145087363247301.750 640434692281204.750               8            587317403127220
  110         -64.708     121.353     1195883831890235.250 495357898538014.250             110            43783665445968
  208        -154.000      -0.001     845617484413613.750 350271519452466.812             208            -649235339900075
  192         -64.706    -121.355     290171551230309.750 1556503143.016             192            -164509348902837
   91         253.001    -125.000     -145082830657635.188 -350267437972534.000              91            128237922113278
  255         -63.290    -287.354     -1195885774432038.750 495346174266725.250             255            203893203106202
