SINAL     NFT                         FFT                         NFT INVERSA     FFT INVERSA
-----     -----------------------     -----------------------     -----------     -----------
  238        1030.000       0.000     845613599331269.500 1340975592251335.750             238            211400042042828
   88         165.698     137.556     700535759135079.500 3299867295.672              88            397161531550846
   52         114.000     132.000     -145087363247350.875 640434692281509.500              52            587317403127454
  133         106.302    -106.444     1195883831890436.250 495357898537673.062             133            43783665445888
  102         102.000      -0.000     845617484413353.000 350271519452613.312             102            -649235339900228
   78         106.301     106.443     290171551230217.750 1556503902.953              78            -164509348902820
  174         114.001    -132.001     -145082830657128.312 -350267437972284.875             174            128237922113384
  165         165.700    -137.556     -1195885774431996.750 495346174266674.812             165            203893203106399
