SINAL     NFT                         FFT                         NFT INVERSA     FFT INVERSA
-----     -----------------------     -----------------------     -----------     -----------
  128         871.000       0.000     845613599330330.500 1340975592251104.750             128            211400042042139
  148         -48.030    -111.959     700535759134622.000 3299867042.640             148            397161531550905
  171         115.000    -258.000     -145087363247720.344 640434692281546.125             171            587317403127425
    7         -81.971     160.041     1195883831890259.750 495357898538055.312               7            43783665445912
  193         183.000       0.000     845617484413314.000 350271519451922.812             193            -649235339899765
  153         -81.970    -160.042     290171551229191.750 1556503245.983             153            -164509348902310
   35         114.999     258.000     -145082830657679.781 -350267437972699.875              35            128237922113813
   36         -48.029     111.957     -1195885774432405.250 495346174266502.812              36            203893203106036
