SINAL     NFT                         FFT                         NFT INVERSA     FFT INVERSA
-----     -----------------------     -----------------------     -----------     -----------
  121        1262.000       0.000     845613599331047.375 1340975592251423.500             121            211400042042277
   98         -71.988      78.189     700535759135277.250 3299866613.031              98            397161531550659
   91          33.999     338.000     -145087363247391.656 640434692281151.625              91            587317403127379
  238        -154.012    -199.812     1195883831890471.750 495357898537985.500             238            43783665445998
  234          90.000      -0.000     845617484413870.875 350271519452466.312             234            -649235339900226
   26        -154.013     199.810     290171551230024.250 1556502943.593              26            -164509348902724
  230          34.002    -338.001     -145082830657755.094 -350267437972706.625             230            128237922113262
  224         -71.986     -78.189     -1195885774432242.250 495346174266492.000             224            203893203106217
