SINAL     NFT                         FFT                         NFT INVERSA     FFT INVERSA
-----     -----------------------     -----------------------     -----------     -----------
  163        1262.000       0.000     845613599331176.875 1340975592251238.750             163            211400042042452
  247         129.626     164.837     700535759135389.875 3299866673.562             247            397161531550619
   39         119.000     -75.000     -145087363247324.000 640434692281060.125              39            587317403127400
   74        -253.626    -217.164     1195883831890559.500 495357898537913.188              74            43783665446029
  225          52.000       0.000     845617484413834.375 350271519452532.938             225            -649235339900158
   93        -253.626     217.162     290171551230266.625 1556503189.062              93            -164509348902759
  230         119.001      74.999     -145082830657453.438 -350267437972651.125             230            128237922113197
  191         129.629    -164.837     -1195885774432172.500 495346174266619.938             191            203893203106283
