SINAL     NFT                         FFT                         NFT INVERSA     FFT INVERSA
-----     -----------------------     -----------------------     -----------     -----------
  236         937.000       0.000     845613599331148.500 1340975592250735.250             236            211400042042868
   11          81.577     234.638     700535759134616.000 3299866838.484              11            397161531550697
   21         374.000     141.000     -145087363247446.031 640434692281462.250              21            587317403127442
   62          26.422     230.638     1195883831890188.500 495357898537895.625              62            43783665445889
  182         -13.000      -0.001     845617484413148.000 350271519452287.562             182            -649235339900083
  156          26.424    -230.639     290171551230164.000 1556503550.141             156            -164509348902752
   23         374.001    -140.999     -145082830657393.469 -350267437972369.438              23            128237922113481
  246          81.579    -234.638     -1195885774431922.500 495346174266869.625             246            203893203106317
