SINAL     NFT                         FFT                         NFT INVERSA     FFT INVERSA
-----     -----------------------     -----------------------     -----------     -----------
   74         762.000       0.000     845613599330390.125 1340975592251599.750              74            211400042041986
   57          -3.000      93.645     700535759135138.500 3299867360.062              57            397161531550520
   62        -102.000     180.000     -145087363247183.500 640434692281381.625              62            587317403126989
  147          -3.000    -164.356     1195883831890315.250 495357898537857.250             147            43783665445935
   77          46.000       0.000     845617484413851.625 350271519452815.188              77            -649235339900077
   32          -3.001     164.355     290171551230172.688 1556503468.562              32            -164509348902892
  191        -101.999    -180.001     -145082830657530.938 -350267437972426.875             191            128237922113274
  122          -2.998     -93.645     -1195885774432193.750 495346174266402.500             122            203893203106125
