SINAL     NFT                         FFT                         NFT INVERSA     FFT INVERSA
-----     -----------------------     -----------------------     -----------     -----------
    0         488.000       0.000     845613599329960.625 1340975592251672.750               0            211400042041623
   39          34.530     145.690     700535759135013.375 3299867367.734              39            397161531550394
   78        -175.000      83.000     -145087363247152.969 640434692281399.125              78            587317403126788
    8        -170.530     -28.311     1195883831890181.500 495357898537967.938               8            43783665445930
   68         134.000       0.000     845617484413982.125 350271519452832.438              68            -649235339900011
    8        -170.531      28.309     290171551230062.875 1556503236.890               8            -164509348902905
  165        -174.999     -83.001     -145082830657796.406 -350267437972476.250             165            128237922113288
  122          34.532    -145.690     -1195885774432267.500 495346174266287.938             122            203893203105986
