SINAL     NFT                         FFT                         NFT INVERSA     FFT INVERSA
-----     -----------------------     -----------------------     -----------     -----------
  227         978.000       0.000     845613599331302.875 1340975592251698.500             227            211400042042865
   26         265.095     201.564     700535759134811.625 3299867486.890              26            397161531551009
  122         -12.000     212.000     -145087363247418.906 640434692281860.250             122            587317403127468
   69          86.904     109.563     1195883831890258.000 495357898537620.688              69            43783665445767
   51         158.000      -0.001     845617484413180.375 350271519452643.188              51            -649235339900467
   73          86.905    -109.564     290171551229978.875 1556503921.734              73            -164509348902879
  168         -11.999    -212.001     -145082830657394.344 -350267437972137.000             168            128237922113503
  242         265.098    -201.563     -1195885774431948.000 495346174266534.688             242            203893203106414
