SINAL     NFT                         FFT                         NFT INVERSA     FFT INVERSA
-----     -----------------------     -----------------------     -----------     -----------
  245         755.000       0.000     845613599330787.125 1340975592251178.250             245            211400042042843
  188         385.321    -193.066     700535759134377.500 3299867768.015             188            397161531550958
   88         167.000      22.000     -145087363247477.500 640434692281992.500              88            587317403127359
   92          82.679     -19.066     1195883831890083.250 495357898537656.562              92            43783665445742
   11         -65.000      -0.001     845617484412824.625 350271519452425.438              11            -649235339900066
    6          82.680      19.066     290171551229838.750 1556504268.609               6            -164509348902742
    1         167.001     -22.000     -145082830657144.938 -350267437972047.000               1            128237922113737
  124         385.321     193.067     -1195885774431925.250 495346174266703.062             124            203893203106312
