SINAL     NFT                         FFT                         NFT INVERSA     FFT INVERSA
-----     -----------------------     -----------------------     -----------     -----------
  131        1047.000       0.000     845613599330923.625 1340975592251916.750             131            211400042042409
  109         207.409     377.002     700535759135029.000 3299867515.046             109            397161531550710
   87        -157.000     -52.000     -145087363247178.562 640434692281683.875              87            587317403127125
   12           6.590     101.002     1195883831890237.000 495357898537677.750              12            43783665445816
   24        -113.000      -0.001     845617484413619.125 350271519452983.188              24            -649235339900473
  207           6.591    -101.003     290171551230275.562 1556503705.578             207            -164509348903077
  225        -156.999      51.999     -145082830657558.000 -350267437972167.250             225            128237922113266
  252         207.413    -377.002     -1195885774431989.000 495346174266392.500             252            203893203106306
