SINAL     NFT                         FFT                         NFT INVERSA     FFT INVERSA
-----     -----------------------     -----------------------     -----------     -----------
    9        1036.000       0.000     845613599330213.625 1340975592251778.500               9            211400042041624
   40        -291.137     146.693     700535759135111.750 3299866949.686              40            397161531550711
  191        -204.000     -62.000     -145087363247495.906 640434692281342.500             191            587317403127174
   89         -64.863     110.693     1195883831890359.250 495357898538092.062              89            43783665445966
  187         156.000       0.000     845617484413981.125 350271519452356.188             187            -649235339900028
  211         -64.863    -110.694     290171551229405.500 1556502782.936             211            -164509348902536
  209        -204.000      61.999     -145082830658059.344 -350267437972816.000             209            128237922113487
  100        -291.135    -146.695     -1195885774432524.750 495346174266179.812             100            203893203105968
