SINAL     NFT                         FFT                         NFT INVERSA     FFT INVERSA
-----     -----------------------     -----------------------     -----------     -----------
  207         994.000       0.000     845613599330899.125 1340975592251834.250             207            211400042042563
   24         -22.262     123.208     700535759134993.625 3299867772.858              24            397161531551201
  191        -134.000    -170.000     -145087363247583.812 640434692281848.750             191            587317403127543
   70         348.262     117.208     1195883831890465.000 495357898537620.500              70            43783665445815
   44         278.000       0.000     845617484413234.625 350271519452424.062              44            -649235339900160
  240         348.262    -117.208     290171551229451.125 1556504047.765             240            -164509348902546
  194        -134.001     169.999     -145082830657203.250 -350267437972322.250             194            128237922113712
   24         -22.260    -123.209     -1195885774432255.500 495346174266386.500              24            203893203106301
