SINAL     NFT                         FFT                         NFT INVERSA     FFT INVERSA
-----     -----------------------     -----------------------     -----------     -----------
  145         481.000       0.000     845613599330237.875 1340975592251069.500             145            211400042042285
   31          66.088      31.213     700535759134663.500 3299867643.094              31            397161531550550
   17         129.000      38.000     -145087363247242.844 640434692281600.500              17            587317403126995
   86         167.912      11.213     1195883831890132.750 495357898537803.625              86            43783665445871
   28         -47.000      -0.001     845617484413335.375 350271519452637.812              28            -649235339899830
   82         167.912     -11.213     290171551230163.062 1556503975.531              82            -164509348902831
   27         129.000     -38.000     -145082830657192.281 -350267437972216.750              27            128237922113492
   65          66.089     -31.213     -1195885774432037.750 495346174266653.625              65            203893203106142
