SINAL     NFT                         FFT                         NFT INVERSA     FFT INVERSA
-----     -----------------------     -----------------------     -----------     -----------
    9         641.000       0.000     845613599329856.375 1340975592251387.000               9            211400042041643
  131          -2.055     -47.335     700535759134733.500 3299867193.531             131            397161531550457
  102         -56.000      -7.000     -145087363247324.531 640434692281445.250             102            587317403126885
   54        -209.945       0.665     1195883831890089.750 495357898538083.000              54            43783665445921
  115         -33.000      -0.000     845617484413779.875 350271519452502.938             115            -649235339899869
   41        -209.945      -0.666     290171551229759.062 1556503093.093              41            -164509348902722
   78         -55.999       7.000     -145082830657909.969 -350267437972570.000              78            128237922113473
  111          -2.054      47.334     -1195885774432314.750 495346174266356.000             111            203893203105927
