SINAL     NFT                         FFT                         NFT INVERSA     FFT INVERSA
-----     -----------------------     -----------------------     -----------     -----------
  124         778.000       0.000     845613599330463.250 1340975592251572.000             124            211400042042339
   49         189.007     -81.821     700535759134108.375 3299867401.249              49            397161531551010
  219         -20.000     168.000     -145087363247668.125 640434692282125.250             219            587317403127317
   34         -91.008     356.178     1195883831889864.250 495357898537919.125              34            43783665445693
   75          58.000      -0.001     845617484412994.750 350271519452187.312              75            -649235339900228
   47         -91.006    -356.180     290171551229208.375 1556503427.374              47            -164509348902625
    0         -19.999    -168.000     -145082830658031.562 -350267437972285.688              -0            128237922113876
  230         189.008      81.822     -1195885774432134.750 495346174266384.625             230            203893203106116
