SINAL     NFT                         FFT                         NFT INVERSA     FFT INVERSA
-----     -----------------------     -----------------------     -----------     -----------
  219        1040.000       0.000     845613599330770.000 1340975592251286.250             219            211400042042678
  232         197.627    -272.588     700535759134637.125 3299867646.093             232            397161531550937
   98         102.000      56.000     -145087363247471.250 640434692281820.000              98            587317403127370
  244         152.373    -202.588     1195883831890224.000 495357898537696.250             244            43783665445804
   44        -192.000      -0.001     845617484413059.500 350271519452433.688              44            -649235339900043
   48         152.372     202.588     290171551229810.125 1556504086.531              48            -164509348902690
   63         102.001     -56.000     -145082830657178.688 -350267437972196.500              63            128237922113666
   92         197.628     272.588     -1195885774432044.500 495346174266627.500              92            203893203106282
