SINAL     NFT                         FFT                         NFT INVERSA     FFT INVERSA
-----     -----------------------     -----------------------     -----------     -----------
  157         883.000       0.000     845613599330766.125 1340975592251289.000             157            211400042042491
   18          80.648      77.258     700535759134556.250 3299867174.468              18            397161531550760
  100         105.999     267.000     -145087363247439.906 640434692281702.125             100            587317403127277
  127          11.351     153.258     1195883831890085.500 495357898537879.312             127            43783665445819
  111         -23.000      -0.001     845617484413265.625 350271519452427.688             111            -649235339900188
   75          11.353    -153.259     290171551229872.438 1556503492.156              75            -164509348902786
   62         106.002    -267.000     -145082830657677.344 -350267437972320.875              62            128237922113549
  233          80.650     -77.258     -1195885774432034.000 495346174266577.062             233            203893203106215
