SINAL     NFT                         FFT                         NFT INVERSA     FFT INVERSA
-----     -----------------------     -----------------------     -----------     -----------
   99        1192.000       0.000     845613599330688.875 1340975592251767.000              99            211400042042124
  152         -27.687      -9.569     700535759135067.000 3299867151.858             152            397161531550839
  163        -136.000      70.000     -145087363247463.062 640434692281511.875             163            587317403127313
  179         -50.314    -103.569     1195883831890366.750 495357898537894.750             179            43783665445900
  138          28.000      -0.000     845617484413698.375 350271519452478.812             138            -649235339900204
  104         -50.314     103.568     290171551229646.188 1556503238.765             104            -164509348902663
  210        -135.999     -70.001     -145082830657760.500 -350267437972566.625             210            128237922113475
  147         -27.685       9.568     -1195885774432311.250 495346174266317.250             147            203893203106156
