SINAL     NFT                         FFT                         NFT INVERSA     FFT INVERSA
-----     -----------------------     -----------------------     -----------     -----------
  142         707.000       0.000     845613599330710.625 1340975592251713.500             142            211400042042373
   74         242.894     166.841     700535759135015.750 3299867670.187              74            397161531550684
   63         -99.000     104.000     -145087363247177.938 640434692281649.125              63            587317403127087
   49          25.106     -79.160     1195883831890270.500 495357898537667.188              49            43783665445842
    8          91.000      -0.000     845617484413556.125 350271519452928.062               8            -649235339900253
   28          25.105      79.159     290171551230264.500 1556503912.437              28            -164509348902997
  186         -98.999    -104.001     -145082830657323.375 -350267437972166.375             186            128237922113324
  157         242.896    -166.840     -1195885774432021.500 495346174266460.188             157            203893203106270
