SINAL     NFT                         FFT                         NFT INVERSA     FFT INVERSA
-----     -----------------------     -----------------------     -----------     -----------
   45        1085.000       0.000     845613599330107.000 1340975592251037.750              45            211400042041829
  163        -236.602       6.837     700535759134845.250 3299866888.015             163            397161531550340
   37         110.000      -9.000     -145087363247276.844 640434692281208.250              37            587317403126946
  236         -17.399     -59.163     1195883831890167.250 495357898538118.062             236            43783665445988
  172        -437.000      -0.001     845617484413814.500 350271519452473.938             172            -649235339899824
  222         -17.398      59.163     290171551230052.500 1556503028.609             222            -164509348902750
   70         110.000       9.000     -145082830657776.281 -350267437972629.688              70            128237922113351
  140        -236.600      -6.838     -1195885774432239.750 495346174266538.062             140            203893203105985
