SINAL     NFT                         FFT                         NFT INVERSA     FFT INVERSA
-----     -----------------------     -----------------------     -----------     -----------
   56        1041.000       0.000     845613599330269.125 1340975592251995.750              56            211400042041955
  129           5.151    -147.217     700535759134657.875 3299867585.405             129            397161531550848
  199        -250.000     199.000     -145087363247436.750 640434692281893.500             199            587317403127097
  239          34.849     -35.217     1195883831890075.500 495357898537858.688             239            43783665445775
   36        -173.000      -0.001     845617484413516.625 350271519452589.312              36            -649235339900249
   75          34.849      35.217     290171551229486.125 1556503415.218              75            -164509348902764
  143        -249.999    -199.001     -145082830657940.188 -350267437972342.250             143            128237922113612
  164           5.152     147.217     -1195885774432251.500 495346174266193.188             164            203893203106077
