SINAL     NFT                         FFT                         NFT INVERSA     FFT INVERSA
-----     -----------------------     -----------------------     -----------     -----------
  153        1300.000       0.000     845613599330796.625 1340975592251934.500             153            211400042042469
  197         142.941    -186.439     700535759134514.250 3299867587.702             197            397161531551131
  227        -154.000     130.000     -145087363247603.188 640434692282091.125             227            587317403127416
  238          75.059      19.561     1195883831890097.750 495357898537746.312             238            43783665445708
   44        -204.000      -0.001     845617484413134.125 350271519452408.688              44            -649235339900391
  114          75.059     -19.562     290171551229346.812 1556503658.921             114            -164509348902688
  124        -153.999    -130.001     -145082830657796.625 -350267437972239.625             124            128237922113758
  203         142.942     186.439     -1195885774432146.250 495346174266308.812             203            203893203106237
