SINAL     NFT                         FFT                         NFT INVERSA     FFT INVERSA
-----     -----------------------     -----------------------     -----------     -----------
  233         927.000       0.000     845613599331165.750 1340975592251228.750             233            211400042042663
  222         235.471     107.156     700535759135525.250 3299867263.031             222            397161531550766
   16         114.000    -227.000     -145087363247296.969 640434692281168.250              16            587317403127452
   12         -37.471    -334.845     1195883831890722.750 495357898537680.625              12            43783665446019
  134         313.000       0.001     845617484413635.250 350271519452628.188             134            -649235339899988
   45         -37.473     334.844     290171551230322.312 1556503933.594              45            -164509348902707
  237         114.000     226.999     -145082830656820.406 -350267437972471.938             237            128237922113278
   28         235.473    -107.156     -1195885774432153.250 495346174266693.125              28            203893203106368
