SINAL     NFT                         FFT                         NFT INVERSA     FFT INVERSA
-----     -----------------------     -----------------------     -----------     -----------
  222        1114.000       0.000     845613599331290.875 1340975592251254.750             222            211400042042749
   42          48.456      -5.527     700535759134947.000 3299866883.952              42            397161531550969
  121         151.999     338.000     -145087363247589.719 640434692281479.625             121            587317403127641
  193          -2.456     -59.528     1195883831890421.500 495357898537850.938             193            43783665445902
  199         266.000      -0.000     845617484413318.375 350271519452220.812             199            -649235339900200
    1          -2.456      59.526     290171551229753.688 1556503428.671               1            -164509348902580
  148         152.002    -338.000     -145082830657477.156 -350267437972531.375             148            128237922113543
  188          48.457       5.527     -1195885774432148.500 495346174266630.188             188            203893203106327
