SINAL     NFT                         FFT                         NFT INVERSA     FFT INVERSA
-----     -----------------------     -----------------------     -----------     -----------
  153         759.000       0.000     845613599330563.125 1340975592251170.750             153            211400042042477
   33         113.757     195.676     700535759134512.125 3299867459.016              33            397161531550544
   20         139.000     120.000     -145087363247215.812 640434692281710.000              20            587317403127022
   96         122.242     177.676     1195883831889990.250 495357898537800.875              96            43783665445808
   35        -285.000      -0.002     845617484413270.625 350271519452723.062              35            -649235339900125
  168         122.244    -177.677     290171551230303.625 1556503815.609             168            -164509348903003
   29         139.001    -120.000     -145082830657453.250 -350267437972114.000              29            128237922113423
  225         113.759    -195.676     -1195885774431880.250 495346174266663.375             225            203893203106218
