SINAL     NFT                         FFT                         NFT INVERSA     FFT INVERSA
-----     -----------------------     -----------------------     -----------     -----------
  185         926.000       0.000     845613599330802.750 1340975592251725.750             185            211400042042465
  118         126.041     -60.627     700535759134887.625 3299867572.874             118            397161531551161
  201         -96.000    -112.000     -145087363247637.500 640434692281808.250             201            587317403127536
   45          77.958      15.372     1195883831890403.000 495357898537728.625              45            43783665445826
   83         338.000       0.000     845617484413250.250 350271519452293.188              83            -649235339900117
   85          77.958     -15.373     290171551229339.125 1556503803.749              85            -164509348902489
  163         -96.000     111.999     -145082830657388.938 -350267437972416.688             163            128237922113747
   46         126.043      60.627     -1195885774432295.500 495346174266386.125              46            203893203106242
