SINAL     NFT                         FFT                         NFT INVERSA     FFT INVERSA
-----     -----------------------     -----------------------     -----------     -----------
  169         894.000       0.000     845613599330354.375 1340975592251123.750             169            211400042042360
  221          67.109    -333.136     700535759134642.750 3299867589.375             221            397161531550786
   83         117.000       7.000     -145087363247449.969 640434692281673.500              83            587317403127223
  252         144.891    -231.136     1195883831890213.250 495357898537815.562             252            43783665445862
   63        -200.000      -0.001     845617484413207.875 350271519452369.438              63            -649235339899812
   49         144.891     231.136     290171551229757.188 1556503925.250              49            -164509348902613
   32         117.000      -7.000     -145082830657223.406 -350267437972326.250              32            128237922113668
   25          67.109     333.135     -1195885774432156.250 495346174266611.312              25            203893203106149
