SINAL     NFT                         FFT                         NFT INVERSA     FFT INVERSA
-----     -----------------------     -----------------------     -----------     -----------
   39         928.000       0.000     845613599330134.625 1340975592251395.000              39            211400042041797
  212         -18.018     151.296     700535759135011.500 3299867172.297             212            397161531550410
   57         -42.000    -286.000     -145087363247213.844 640434692281297.750              57            587317403126914
   28        -133.983     -12.704     1195883831890235.500 495357898537997.438              28            43783665445963
  115        -228.000      -0.001     845617484413894.125 350271519452677.562             115            -649235339899938
  220        -133.982      12.703     290171551230082.688 1556503220.328             220            -164509348902824
  139         -42.000     286.000     -145082830657693.281 -350267437972539.688             139            128237922113308
  118         -18.015    -151.297     -1195885774432250.500 495346174266418.938             118            203893203106023
