SINAL     NFT                         FFT                         NFT INVERSA     FFT INVERSA
-----     -----------------------     -----------------------     -----------     -----------
   40        1116.000       0.000     845613599330477.500 1340975592251675.250              40            211400042041930
  205          76.735     165.154     700535759135017.500 3299867054.734             205            397161531550460
   80        -114.000       8.000     -145087363247190.531 640434692281389.500              80            587317403126966
  101        -228.735     -54.846     1195883831890185.000 495357898537961.312             101            43783665445912
  116        -264.000      -0.001     845617484413923.000 350271519452804.312             116            -649235339900259
  136        -228.735      54.845     290171551230166.000 1556503073.890             136            -164509348902972
  190        -113.999      -8.001     -145082830657925.969 -350267437972470.812             190            128237922113224
  248          76.738    -165.154     -1195885774432158.500 495346174266352.312             248            203893203106105
