SINAL     NFT                         FFT                         NFT INVERSA     FFT INVERSA
-----     -----------------------     -----------------------     -----------     -----------
    2         956.000       0.000     845613599329935.125 1340975592251883.000               2            211400042041601
  254          -5.322    -134.780     700535759135129.375 3299867617.296             254            397161531550465
   93        -271.000     -11.000     -145087363247129.438 640434692281464.250              93            587317403126780
  236         -40.677    -358.780     1195883831890250.250 495357898537875.812             236            43783665445918
   25        -306.000      -0.000     845617484414006.625 350271519452937.188              25            -649235339900029
   67         -40.679     358.780     290171551230037.625 1556503435.328              67            -164509348902913
  205        -270.999      10.999     -145082830657668.875 -350267437972420.562             205            128237922113293
   74          -5.321     134.780     -1195885774432296.750 495346174266216.312              74            203893203106006
