SINAL     NFT                         FFT                         NFT INVERSA     FFT INVERSA
-----     -----------------------     -----------------------     -----------     -----------
  229        1063.000       0.000     845613599330913.500 1340975592250740.500             229            211400042042710
  216         114.953     -94.983     700535759134684.500 3299866959.000             216            397161531550811
   60         335.000    -114.000     -145087363247566.250 640434692281446.750              60            587317403127506
  106         -34.954     -20.983     1195883831890300.000 495357898537915.312             106            43783665445920
  189         -61.000      -0.001     845617484413147.000 350271519452104.562             189            -649235339899876
  122         -34.953      20.982     290171551229829.250 1556503601.625             122            -164509348902530
   23         335.000     114.000     -145082830657285.688 -350267437972495.250              23            128237922113624
  118         114.954      94.982     -1195885774432103.500 495346174266808.812             118            203893203106246
