SINAL     NFT                         FFT                         NFT INVERSA     FFT INVERSA
-----     -----------------------     -----------------------     -----------     -----------
   39         919.000       0.000     845613599330179.625 1340975592252014.000              39            211400042041738
   23        -225.434     -55.782     700535759135099.750 3299867500.999              23            397161531550841
  200        -301.000     136.000     -145087363247449.594 640434692281589.000             200            587317403127146
  220         139.434     -99.782     1195883831890366.750 495357898537891.875             220            43783665445896
   82         167.000       0.000     845617484413817.125 350271519452537.438              82            -649235339900058
   97         139.433      99.782     290171551229418.750 1556503319.624              97            -164509348902598
  222        -301.000    -136.001     -145082830657765.031 -350267437972584.250             222            128237922113551
   36        -225.432      55.781     -1195885774432466.750 495346174266138.875              36            203893203106031
