SINAL     NFT                         FFT                         NFT INVERSA     FFT INVERSA
-----     -----------------------     -----------------------     -----------     -----------
  218        1390.000       0.000     845613599331155.000 1340975592251813.750             218            211400042042601
   99        -138.961    -104.995     700535759135136.000 3299867374.936              99            397161531551339
  238        -110.000      -0.000     -145087363247764.156 640434692281703.250             238            587317403127792
  251         290.961     -92.995     1195883831890614.250 495357898537716.688             251            43783665445868
  142         270.000       0.000     845617484413298.500 350271519452145.312             142            -649235339900177
  181         290.960      92.995     290171551229171.250 1556503695.686             181            -164509348902344
  232        -110.000      -0.001     -145082830657349.594 -350267437972569.250             232            128237922113763
   29        -138.959     104.993     -1195885774432395.750 495346174266366.188              29            203893203106309
