SINAL     NFT                         FFT                         NFT INVERSA     FFT INVERSA
-----     -----------------------     -----------------------     -----------     -----------
   74         903.000       0.000     845613599330173.750 1340975592251534.750              74            211400042041979
  181          64.602    -279.087     700535759134440.500 3299867277.577             181            397161531550889
  209         -64.000      51.000     -145087363247638.156 640434692281814.000             209            587317403127241
  129        -154.602      42.913     1195883831890051.250 495357898538017.750             129            43783665445812
  119          -3.000      -0.000     845617484413339.250 350271519452158.562             119            -649235339900003
   20        -154.601     -42.914     290171551229176.500 1556503213.046              20            -164509348902503
   48         -63.999     -51.000     -145082830657987.594 -350267437972528.688              48            128237922113797
  123          64.602     279.087     -1195885774432339.750 495346174266320.250             123            203893203106007
