SINAL     NFT                         FFT                         NFT INVERSA     FFT INVERSA
-----     -----------------------     -----------------------     -----------     -----------
  251        1207.000       0.000     845613599331202.375 1340975592251307.500             251            211400042042810
  216         142.071     -61.421     700535759135093.000 3299867349.265             216            397161531550983
   87         113.000     -68.000     -145087363247481.312 640434692281526.625              87            587317403127571
  177         127.929    -221.421     1195883831890520.000 495357898537679.125             177            43783665445901
  116          35.000      -0.000     845617484413277.875 350271519452421.812             116            -649235339900099
  111         127.928     221.421     290171551229931.562 1556503955.359             111            -164509348902632
  167         113.000      67.999     -145082830657040.750 -350267437972372.625             167            128237922113522
   82         142.072      61.421     -1195885774432114.000 495346174266657.125              82            203893203106374
