SINAL     NFT                         FFT                         NFT INVERSA     FFT INVERSA
-----     -----------------------     -----------------------     -----------     -----------
  151        1062.000       0.000     845613599330748.250 1340975592251926.250             151            211400042042301
  158          68.393    -177.182     700535759135100.750 3299867599.249             158            397161531551081
  195        -197.000      65.000     -145087363247536.469 640434692281714.750             195            587317403127439
  198          89.607    -237.182     1195883831890468.250 495357898537717.375             198            43783665445855
   72         224.000       0.001     845617484413483.750 350271519452471.188              72            -649235339900168
   19          89.606     237.182     290171551229466.562 1556503733.374              19            -164509348902571
  225        -196.999     -65.001     -145082830657419.906 -350267437972441.812             225            128237922113621
   44          68.394     177.182     -1195885774432332.750 495346174266296.125              44            203893203106226
