SINAL     NFT                         FFT                         NFT INVERSA     FFT INVERSA
-----     -----------------------     -----------------------     -----------     -----------
   77        1413.000       0.000     845613599330788.375 1340975592251646.250              77            211400042042089
  150         -97.461      37.581     700535759134810.750 3299866591.546             150            397161531550904
  224         -63.000      66.000     -145087363247682.281 640434692281504.875             224            587317403127473
  131        -244.540     157.580     1195883831890246.000 495357898538114.000             131            43783665445892
  248          13.000      -0.000     845617484413641.875 350271519452101.562             248            -649235339900276
  167        -244.538    -157.582     290171551229263.688 1556502621.077             167            -164509348902506
  164         -62.999     -66.000     -145082830658277.719 -350267437972784.375             164            128237922113599
  252         -97.459     -37.581     -1195885774432386.000 495346174266296.750             252            203893203106093
