SINAL     NFT                         FFT                         NFT INVERSA     FFT INVERSA
-----     -----------------------     -----------------------     -----------     -----------
  245         861.000       0.000     845613599330971.000 1340975592250438.250             245            211400042042764
   22         -64.610     218.546     700535759134785.000 3299866764.000              22            397161531550687
    5         459.000    -132.000     -145087363247518.000 640434692281233.500               5            587317403127506
   13          96.610     208.546     1195883831890367.750 495357898537958.375              13            43783665445987
  229         117.000      -0.001     845617484413208.500 350271519452078.562             229            -649235339899762
  230          96.611    -208.547     290171551230041.500 1556503562.625             230            -164509348902527
   10         459.000     132.001     -145082830657151.438 -350267437972563.750              10            128237922113536
  107         -64.609    -218.548     -1195885774432079.750 495346174266941.875             107            203893203106256
