SINAL     NFT                         FFT                         NFT INVERSA     FFT INVERSA
-----     -----------------------     -----------------------     -----------     -----------
   48         821.000       0.000     845613599330331.875 1340975592251575.000              48            211400042041801
   73         -82.189      -5.699     700535759135094.375 3299866943.921              73            397161531550710
  160        -105.000      74.000     -145087363247494.031 640434692281313.500             160            587317403127229
   67        -203.811     -53.699     1195883831890383.750 495357898538060.250              67            43783665445975
  191         345.000       0.001     845617484413871.375 350271519452322.812             191            -649235339899974
    9        -203.812      53.698     290171551229513.875 1556502934.702               9            -164509348902530
  184        -104.999     -74.001     -145082830657879.469 -350267437972778.062             184            128237922113490
   89         -82.188       5.698     -1195885774432462.750 495346174266298.750              89            203893203106017
