SINAL     NFT                         FFT                         NFT INVERSA     FFT INVERSA
-----     -----------------------     -----------------------     -----------     -----------
  149        1055.000       0.000     845613599330654.375 1340975592251763.250             149            211400042042274
   53        -136.475      84.397     700535759135062.500 3299867563.202              53            397161531551007
  171        -139.000    -128.000     -145087363247514.844 640434692281658.250             171            587317403127392
  135         276.475      34.397     1195883831890446.750 495357898537750.500             135            43783665445873
   79         135.000      -0.000     845617484413479.875 350271519452448.188              79            -649235339900078
  241         276.475     -34.396     290171551229528.438 1556503731.421             241            -164509348902566
  196        -139.001     127.999     -145082830657380.281 -350267437972454.562             196            128237922113613
   31        -136.473     -84.398     -1195885774432322.250 495346174266352.000              31            203893203106201
