SINAL     NFT                         FFT                         NFT INVERSA     FFT INVERSA
-----     -----------------------     -----------------------     -----------     -----------
  227        1291.000       0.000     845613599331190.250 1340975592251728.250             227            211400042042722
  232         182.962     -46.903     700535759135032.000 3299867491.311             232            397161531551169
  171         -58.000    -151.000     -145087363247578.062 640434692281749.500             171            587317403127623
  124          91.038    -112.903     1195883831890480.250 495357898537650.188             124            43783665445833
   90          93.000      -0.000     845617484413253.750 350271519452406.312              90            -649235339900263
  143          91.038     112.903     290171551229597.750 1556503889.311             143            -164509348902593
  204         -58.000     150.999     -145082830657269.500 -350267437972356.500             204            128237922113629
  100         182.964      46.903     -1195885774432188.750 495346174266462.938             100            203893203106360
