SINAL     NFT                         FFT                         NFT INVERSA     FFT INVERSA
-----     -----------------------     -----------------------     -----------     -----------
   49        1131.000       0.000     845613599330113.500 1340975592251537.250              49            211400042041719
  235        -184.335    -113.364     700535759134885.625 3299867003.092             235            397161531550927
  237        -108.000    -459.000     -145087363247741.344 640434692281462.125             237            587317403127373
   22        -137.666     100.636     1195883831890367.500 495357898538123.875              22            43783665445951
  210         121.000       0.000     845617484413667.000 350271519451958.188             210            -649235339899804
  247        -137.665    -100.636     290171551228936.125 1556502903.530             247            -164509348902238
  130        -108.001     459.000     -145082830657946.781 -350267437972891.875             130            128237922113779
    1        -184.333     113.362     -1195885774432630.000 495346174266240.625               1            203893203105934
