SINAL     NFT                         FFT                         NFT INVERSA     FFT INVERSA
-----     -----------------------     -----------------------     -----------     -----------
  134         896.000       0.000     845613599330400.500 1340975592251679.500             134            211400042042176
  149          20.331     -77.284     700535759134850.500 3299867645.046             149            397161531551011
  186        -122.000    -250.000     -145087363247569.312 640434692281757.375             186            587317403127341
   57         113.669      20.716     1195883831890339.500 495357898537796.625              57            43783665445848
   67         152.000       0.000     845617484413370.000 350271519452340.812              67            -649235339899970
  162         113.669     -20.715     290171551229353.250 1556503739.577             162            -164509348902500
  137        -122.001     249.999     -145082830657440.750 -350267437972446.625             137            128237922113731
    4          20.332      77.283     -1195885774432350.000 495346174266344.125               4            203893203106131
