SINAL     NFT                         FFT                         NFT INVERSA     FFT INVERSA
-----     -----------------------     -----------------------     -----------     -----------
  191        1494.000       0.000     845613599331063.375 1340975592251525.500             191            211400042042577
  239          25.970    -176.924     700535759134740.500 3299867037.655             239            397161531551169
  217          24.000     -30.000     -145087363247765.219 640434692281730.500             217            587317403127690
  212          -7.971      -6.924     1195883831890335.500 495357898537882.250             212            43783665445835
  182         -50.000      -0.001     845617484413204.875 350271519452041.312             182            -649235339900211
  162          -7.970       6.923     290171551229227.438 1556503344.967             162            -164509348902424
  132          24.001      30.000     -145082830657718.656 -350267437972565.312             132            128237922113769
  159          25.972     176.923     -1195885774432282.500 495346174266451.750             159            203893203106247
