SINAL     NFT                         FFT                         NFT INVERSA     FFT INVERSA
-----     -----------------------     -----------------------     -----------     -----------
   62         979.000       0.000     845613599330325.250 1340975592251119.750              62            211400042041996
   34        -155.101     168.056     700535759134420.000 3299866639.108              34            397161531550648
  150         125.000     -26.000     -145087363247600.000 640434692281509.750             150            587317403127229
   14        -174.901     440.055     1195883831890000.500 495357898538211.562              14            43783665445887
  227         -73.000      -0.001     845617484413478.750 350271519452056.938             227            -649235339899999
  242        -174.898    -440.057     290171551229435.688 1556502713.515             242            -164509348902554
   14         125.000      26.001     -145082830658223.438 -350267437972694.250              14            128237922113643
  236        -155.098    -168.057     -1195885774432278.000 495346174266474.062             236            203893203105987
