SINAL     NFT                         FFT                         NFT INVERSA     FFT INVERSA
-----     -----------------------     -----------------------     -----------     -----------
  204        1224.000       0.000     845613599331232.875 1340975592251537.250             204            211400042042623
   99          16.544     191.823     700535759135194.125 3299867095.827              99            397161531550987
  131          14.000     -70.000     -145087363247519.625 640434692281457.750             131            587317403127588
   82          67.456      11.823     1195883831890539.000 495357898537772.500              82            43783665445918
  162         212.000      -0.000     845617484413488.375 350271519452394.688             162            -649235339900226
  189          67.456     -11.824     290171551229790.625 1556503544.796             189            -164509348902614
  221          14.000      69.999     -145082830657375.062 -350267437972521.188             221            128237922113477
  136          16.547    -191.824     -1195885774432212.500 495346174266517.250             136            203893203106330
