SINAL     NFT                         FFT                         NFT INVERSA     FFT INVERSA
-----     -----------------------     -----------------------     -----------     -----------
   36        1062.000       0.000     845613599330320.750 1340975592251899.500              36            211400042041747
  144        -114.172     -16.598     700535759135138.000 3299867145.780             144            397161531550822
  204        -242.000     -74.000     -145087363247510.000 640434692281449.500             204            587317403127236
  105        -119.828     -62.598     1195883831890399.000 495357898537993.125             105            43783665445935
  153         178.000       0.001     845617484413888.250 350271519452399.438             153            -649235339900077
  114        -119.829      62.598     290171551229377.250 1556503008.843             114            -164509348902538
  227        -242.000      73.999     -145082830657923.438 -350267437972730.875             227            128237922113525
   79        -114.170      16.597     -1195885774432503.500 495346174266166.875              79            203893203106024
